0000000000000000000000
0000000000000000000000
0000000000000000000000
0000000000000000000000
0000000000000000000000
0000000000000000000000
0000000000000000000000
0000000000000000000000
0000000000000000000000
0000000077777000000000
0000000776666700000000
0000006666996670000000
0000000799999970000000
0000000799999970000000
0000000776699770000000
0000000077667700000000
0000000000667700000000
0000000000707000000000
0000000000000000000000
0000000000000000000000
0000000000000000000000
0000000000000000000000
0000000000000000000000
