000000000000000000000000000000000000000000000
000000000000000000000000000000000000000000000
000000000000000000000000000000000000000000000
000000000000000000000000000000000000000000000
000000000000000000000000000000000000000000000
000000000000000000000000000000000000000000000
000000000000000000000000000000000000000000000
000000000000000000000000000000000000000000055
555555550000000000000000000000000000000000055
555555550000000000000000000000000000000000055
000550000000000000000000000000000000000000055
000550000000000000000000000000000000000000055
000550000000000000000000000000000000000000055
000550000000000000000000000000000000000000055
000550000000000000000000000000000000000000055
000550000000000000000000000000000000000000055
000550000000000000000000000000000000000000055
000550000550555500555000555055555050055555055
000550000555555550055000550555555550555555555
000550000555000055055505550550000550550000555
000550000550000055005505500550000550550000555
000550000550000055005505500550000550550000555
000550000550000055000555000550000550550000555
555555550550000055000555000555555550555555555
555555550550000055000050000055555050055555055
000000000000000000000000000000000000000000000
