00000000000000000000000000000
00000000000000000000000000000
00000000000000000000000000000
00000000000000000000000000000
00000000000000000000000000000
00000000077066600000000000000
00000000079766007000000000000
00000000077796667670000000000
00000000006999976700000000000
00000000076696977700000000000
00000000007779660000000000000
00000000007770667000000000000
00000000000070600000000000000
00000000000000000000000000000
00000000000000000000000000000
00000000000000000000000000000
00000000000000000000000000000
