00007000000770700000000000000
00000000077707070707700000000
70000007070900779077777006000
00070077706600066000067000000
00070007606677760006790700000
00000777676776677066797700000
00760796666769666766697077660
00007796667669966776000700600
00700076667699996670006770000
00007006667699996670677770000
00760006607699996679670700000
06060776666669966079760600000
00000079766766667609660000700
00000077706666666606666600000
00700077776099666670606600060
00000007077777707776600000600
00000000000007006706000000000
